#distance(cm)	 time(ms) 
31.807000000000002	0.0
33.065000000000005	15.0
33.932	31.0
34.68	47.0
35.853	62.0
36.516000000000005	77.0
37.927	94.0
38.896	109.0
38.947	125.0
38.539	140.0
38.845000000000006	156.0
39.712	172.0
110.82300000000001	191.0
115.94000000000001	208.0
116.34800000000001	223.0
110.245	238.0
115.83800000000001	255.0
111.45200000000001	270.0
nan	473.0
33.694	476.0
33.983000000000004	479.0
33.881	482.0
33.779	485.0
34.085	488.0
33.116	501.0
32.453	519.0
32.215	535.0
31.144000000000002	552.0
30.447000000000003	568.0
29.427000000000003	584.0
29.019000000000002	602.0
28.254	618.0
27.506	635.0
27.302000000000003	651.0
26.129	668.0
25.721	685.0
25.364	701.0
23.987000000000002	717.0
24.089000000000002	734.0
22.831000000000003	751.0
22.576	768.0
21.199	784.0
21.505000000000003	800.0
20.553	817.0
20.043000000000003	834.0
19.788	851.0
19.533	867.0
19.329	883.0
19.125	901.0
19.227	917.0
19.788	934.0
19.533	950.0
19.737000000000002	967.0
20.196	984.0
21.063000000000002	1000.0
21.114	1016.0
21.505000000000003	1034.0
22.117	1050.0
22.627000000000002	1067.0
23.086000000000002	1084.0
23.171000000000003	1100.0
24.242	1117.0
24.803	1133.0
24.803	1151.0
25.636000000000003	1167.0
26.231	1183.0
27.047	1201.0
26.69	1217.0
27.149	1234.0
27.71	1250.0
28.05	1267.0
28.509	1284.0
28.917	1300.0
30.277	1317.0
30.175	1334.0
30.549000000000003	1350.0
30.838	1367.0
31.144000000000002	1384.0
31.399	1400.0
32.062000000000005	1417.0
32.674	1433.0
32.81	1451.0
32.504000000000005	1467.0
33.014	1483.0
32.215	1500.0
32.623000000000005	1517.0
32.572	1534.0
32.504000000000005	1550.0
32.419000000000004	1566.0
31.909000000000002	1584.0
32.198	1600.0
31.603	1617.0
31.399	1633.0
31.195000000000004	1650.0
30.532000000000004	1667.0
30.277	1683.0
30.022000000000002	1699.0
30.294	1716.0
29.869000000000003	1733.0
29.121000000000002	1750.0
28.764000000000003	1766.0
28.526000000000003	1782.0
27.999000000000002	1800.0
27.608	1816.0
27.608	1833.0
27.251	1849.0
26.639000000000003	1866.0
26.078000000000003	1883.0
25.483	1899.0
24.701	1916.0
24.922	1932.0
23.783	1949.0
22.729000000000003	1966.0
22.117	1982.0
22.321	1999.0
21.216	2015.0
20.893	2032.0
19.533	2049.0
19.788	2065.0
18.768	2081.0
18.105	2099.0
17.714000000000002	2115.0
17.255000000000003	2132.0
17.255000000000003	2148.0
16.915000000000003	2164.0
16.184	2181.0
15.538	2196.0
15.776000000000002	2211.0
15.64	2227.0
15.98	2243.0
15.538	2259.0
15.589	2274.0
15.232000000000001	2289.0
16.235	2306.0
15.589	2321.0
16.643	2336.0
16.898	2352.0
16.864	2368.0
17.051000000000002	2384.0
17.357000000000003	2400.0
18.122	2416.0
17.612000000000002	2434.0
18.836000000000002	2450.0
18.785	2466.0
19.125	2483.0
19.533	2500.0
19.89	2517.0
20.247	2533.0
20.655	2549.0
21.454	2567.0
21.862000000000002	2583.0
21.811	2600.0
22.1	2617.0
22.627000000000002	2633.0
23.443	2650.0
23.375	2666.0
23.630000000000003	2684.0
24.089000000000002	2700.0
24.446	2716.0
24.344	2733.0
24.548000000000002	2750.0
24.905	2767.0
25.432000000000002	2783.0
25.551000000000002	2800.0
25.279000000000003	2817.0
25.993000000000002	2833.0
26.146	2849.0
26.129	2867.0
25.772000000000002	2883.0
25.942	2900.0
26.384	2916.0
26.282000000000004	2933.0
25.823	2950.0
25.891000000000002	2966.0
25.772000000000002	2983.0
25.976000000000003	3000.0
25.840000000000003	3016.0
25.721	3033.0
25.534000000000002	3049.0
25.636000000000003	3067.0
25.364	3083.0
25.228	3099.0
24.990000000000002	3116.0
24.854000000000003	3132.0
24.038	3149.0
23.885	3166.0
23.188000000000002	3182.0
22.882	3199.0
23.273000000000003	3216.0
22.610000000000003	3232.0
22.270000000000003	3249.0
22.321	3265.0
21.114	3282.0
20.757	3299.0
20.791	3315.0
20.383000000000003	3332.0
19.992	3348.0
19.584000000000003	3366.0
19.227	3382.0
18.87	3398.0
18.53	3415.0
18.173000000000002	3432.0
18.258000000000003	3448.0
17.51	3465.0
17.204	3481.0
17.119	3499.0
16.796000000000003	3515.0
16.643	3530.0
16.541	3546.0
16.048000000000002	3561.0
16.031000000000002	3578.0
16.898	3593.0
16.541	3608.0
16.643	3624.0
16.796000000000003	3640.0
16.949	3655.0
17.153000000000002	3671.0
17.357000000000003	3687.0
17.612000000000002	3704.0
17.867	3721.0
18.122	3737.0
18.411	3754.0
18.683	3771.0
18.938000000000002	3787.0
19.193	3804.0
19.431	3820.0
19.227	3838.0
20.349	3854.0
20.553	3870.0
20.706000000000003	3888.0
21.42	3904.0
21.607000000000003	3921.0
20.961000000000002	3937.0
21.063000000000002	3954.0
21.352	3971.0
21.097	3987.0
21.267000000000003	4003.0
22.168000000000003	4021.0
21.556	4037.0
22.117	4054.0
22.219	4070.0
21.811	4087.0
22.423000000000002	4104.0
22.015	4120.0
22.474	4137.0
21.913	4154.0
22.015	4170.0
22.423000000000002	4187.0
22.372	4203.0
22.627000000000002	4221.0
22.219	4237.0
21.709000000000003	4253.0
21.607000000000003	4270.0
21.811	4287.0
22.219	4304.0
21.658	4320.0
21.114	4336.0
21.301000000000002	4354.0
21.267000000000003	4370.0
21.148000000000003	4386.0
20.995	4403.0
20.332	4420.0
20.349	4437.0
21.063000000000002	4453.0
20.91	4469.0
20.247	4487.0
20.604000000000003	4503.0
19.992	4520.0
20.247	4536.0
19.584000000000003	4552.0
19.839000000000002	4570.0
18.785	4586.0
19.040000000000003	4603.0
18.428	4619.0
18.275000000000002	4636.0
18.972	4653.0
18.428	4669.0
18.275000000000002	4685.0
18.564	4703.0
18.02	4719.0
18.326	4736.0
17.765	4752.0
17.663	4769.0
18.02	4786.0
17.51	4802.0
17.918000000000003	4819.0
17.459	4836.0
17.901	4852.0
17.51	4869.0
17.561	4885.0
18.071	4903.0
18.173000000000002	4919.0
17.867	4935.0
18.428	4952.0
18.581000000000003	4969.0
18.326	4986.0
18.02	5002.0
18.615000000000002	5018.0
18.360000000000003	5036.0
18.921000000000003	5052.0
19.142000000000003	5068.0
19.278000000000002	5085.0
19.89	5102.0
20.043000000000003	5119.0
20.196	5135.0
19.839000000000002	5152.0
20.094	5169.0
20.706000000000003	5185.0
20.383000000000003	5202.0
20.451	5219.0
20.706000000000003	5235.0
20.791	5252.0
20.91	5268.0
20.893	5286.0
20.706000000000003	5302.0
21.199	5318.0
20.842000000000002	5335.0
21.25	5352.0
21.454	5368.0
21.505000000000003	5385.0
22.015	5401.0
21.097	5419.0
21.25	5435.0
21.709000000000003	5451.0
21.709000000000003	5468.0
21.607000000000003	5485.0
21.709000000000003	5502.0
21.709000000000003	5518.0
21.675	5534.0
21.505000000000003	5552.0
21.556	5568.0
21.913	5585.0
21.403000000000002	5601.0
21.199	5618.0
21.216	5635.0
21.114	5651.0
20.536	5667.0
20.349	5685.0
20.349	5701.0
20.655	5718.0
20.094	5734.0
20.298000000000002	5751.0
20.689	5768.0
20.145000000000003	5784.0
20.451	5801.0
20.247	5818.0
19.788	5834.0
20.094	5851.0
19.533	5867.0
19.737000000000002	5885.0
19.176000000000002	5901.0
19.023	5917.0
19.278000000000002	5934.0
19.142000000000003	5950.0
18.53	5968.0
17.918000000000003	5984.0
18.173000000000002	6000.0
17.561	6017.0
18.224	6034.0
18.02	6050.0
17.408	6067.0
17.663	6083.0
17.102	6101.0
17.408	6117.0
17.306	6133.0
16.796000000000003	6150.0
17.204	6166.0
17.204	6183.0
16.796000000000003	6199.0
17.255000000000003	6214.0
16.915000000000003	6232.0
17.459	6247.0
17.561	6263.0
17.255000000000003	6280.0
17.408	6297.0
17.561	6314.0
17.714000000000002	6330.0
17.867	6346.0
18.02	6364.0
18.564	6380.0
18.734	6397.0
18.411	6413.0
19.040000000000003	6430.0
19.176000000000002	6447.0
19.329	6463.0
19.074	6480.0
19.635	6497.0
19.346	6513.0
19.482000000000003	6530.0
19.176000000000002	6546.0
19.295	6563.0
19.380000000000003	6580.0
19.482000000000003	6596.0
19.584000000000003	6613.0
19.635	6630.0
19.686	6646.0
20.145000000000003	6663.0
20.196	6679.0
20.196	6697.0
20.196	6713.0
20.145000000000003	6729.0
19.686	6746.0
19.635	6763.0
19.584000000000003	6780.0
19.941000000000003	6796.0
19.448	6812.0
19.737000000000002	6830.0
19.227	6846.0
19.125	6863.0
19.431	6879.0
19.329	6896.0
19.227	6913.0
19.125	6929.0
19.431	6945.0
18.87	6963.0
18.785	6979.0
18.666	6996.0
18.972	7012.0
18.428	7029.0
18.326	7046.0
18.224	7062.0
18.53	7079.0
17.561	7096.0
17.867	7112.0
17.714000000000002	7129.0
17.612000000000002	7145.0
17.51	7163.0
17.408	7179.0
17.765	7195.0
17.714000000000002	7212.0
17.714000000000002	7229.0
17.714000000000002	7245.0
17.714000000000002	7262.0
17.765	7278.0
17.816000000000003	7296.0
17.459	7312.0
17.969	7328.0
17.612000000000002	7345.0
18.156000000000002	7362.0
17.867	7379.0
17.561	7395.0
18.122	7411.0
18.275000000000002	7429.0
18.411	7445.0
18.581000000000003	7462.0
19.125	7478.0
18.819000000000003	7495.0
18.921000000000003	7512.0
19.482000000000003	7528.0
19.125	7544.0
19.227	7562.0
19.278000000000002	7578.0
19.329	7595.0
19.380000000000003	7611.0
19.380000000000003	7628.0
19.380000000000003	7645.0
19.380000000000003	7661.0
19.380000000000003	7678.0
19.788	7695.0
19.329	7711.0
19.278000000000002	7728.0
19.227	7744.0
19.176000000000002	7762.0
19.125	7778.0
19.89	7794.0
19.380000000000003	7811.0
18.887	7828.0
18.819000000000003	7845.0
19.176000000000002	7861.0
18.683	7877.0
19.040000000000003	7895.0
19.380000000000003	7911.0
18.87	7927.0
18.819000000000003	7944.0
18.785	7961.0
18.717000000000002	7978.0
18.258000000000003	7994.0
18.224	8010.0
18.224	8028.0
18.615000000000002	8044.0
18.224	8061.0
18.224	8077.0
18.666	8094.0
18.275000000000002	8111.0
18.309	8127.0
18.360000000000003	8144.0
18.428	8161.0
18.462	8177.0
19.380000000000003	8194.0
19.040000000000003	8210.0
18.666	8227.0
18.717000000000002	8244.0
18.785	8260.0
18.819000000000003	8277.0
19.329	8294.0
19.431	8310.0
19.482000000000003	8327.0
19.074	8343.0
19.533	8361.0
19.125	8377.0
19.125	8393.0
19.142000000000003	8410.0
19.125	8427.0
19.142000000000003	8444.0
19.125	8460.0
19.533	8476.0
19.091	8494.0
19.89	8510.0
19.431	8527.0
19.397000000000002	8543.0
19.329	8560.0
18.87	8577.0
18.819000000000003	8593.0
18.785	8609.0
18.717000000000002	8627.0
18.666	8643.0
19.040000000000003	8660.0
18.972	8676.0
18.921000000000003	8693.0
18.87	8710.0
18.411	8726.0
18.377000000000002	8743.0
18.377000000000002	8760.0
18.326	8776.0
18.326	8793.0
18.309	8809.0
18.326	8827.0
18.309	8843.0
18.326	8859.0
18.768	8876.0
18.377000000000002	8893.0
18.377000000000002	8909.0
18.377000000000002	8926.0
18.819000000000003	8942.0
18.411	8960.0
18.428	8976.0
18.479000000000003	8992.0
18.921000000000003	9009.0
18.513	9026.0
18.989	9043.0
18.972	9059.0
18.581000000000003	9075.0
18.632	9093.0
19.091	9109.0
19.125	9126.0
18.717000000000002	9142.0
18.768	9159.0
19.227	9176.0
18.819000000000003	9192.0
19.278000000000002	9208.0
18.887	9226.0
19.329	9242.0
19.329	9259.0
19.329	9275.0
19.329	9292.0
19.329	9309.0
19.329	9325.0
19.329	9342.0
19.329	9359.0
19.329	9375.0
19.329	9392.0
19.329	9408.0
18.887	9426.0
19.278000000000002	9442.0
18.819000000000003	9459.0
18.785	9477.0
18.734	9495.0
19.125	9513.0
19.482000000000003	9530.0
18.955000000000002	9548.0
18.479000000000003	9566.0
18.02	9583.0
18.428	9601.0
18.309	9619.0
18.411	9637.0
18.428	9654.0
18.428	9671.0
18.87	9690.0
18.462	9707.0
18.479000000000003	9725.0
18.53	9742.0
18.53	9760.0
18.972	9778.0
18.564	9795.0
19.023	9813.0
18.632	9831.0
19.074	9848.0
18.666	9866.0
18.564	9884.0
19.125	9902.0
19.125	9919.0
18.717000000000002	9937.0
18.717000000000002	9955.0
18.734	9972.0
18.734	9990.0
18.717000000000002	10007.0
