#distance(cm)	 time(ms) 
309.451	0.0
230.67300000000003	16.0
230.775	30.0
230.69000000000003	46.0
309.89300000000003	67.0
229.41500000000002	82.0
310.04600000000005	102.0
310.216	121.0
228.56500000000003	136.0
231.20000000000002	150.0
228.66700000000003	164.0
230.23100000000002	180.0
228.973	196.0
229.07500000000002	213.0
229.51700000000002	231.0
228.973	249.0
230.23100000000002	267.0
229.05800000000002	284.0
309.85900000000004	307.0
230.33300000000003	321.0
229.925	337.0
229.07500000000002	355.0
229.07500000000002	372.0
229.823	391.0
230.35000000000002	408.0
309.451	430.0
229.50000000000003	445.0
229.806	461.0
230.316	479.0
229.925	496.0
230.67300000000003	514.0
228.95600000000002	532.0
230.79200000000003	549.0
230.775	567.0
230.23100000000002	585.0
231.18300000000002	602.0
309.927	625.0
229.483	639.0
230.23100000000002	656.0
230.33300000000003	673.0
310.31800000000004	696.0
231.20000000000002	710.0
230.639	726.0
230.33300000000003	744.0
230.79200000000003	761.0
230.67300000000003	780.0
229.39800000000002	797.0
229.50000000000003	814.0
229.51700000000002	832.0
229.823	850.0
229.806	868.0
231.18300000000002	885.0
229.925	903.0
229.823	921.0
230.316	938.0
231.18300000000002	956.0
230.67300000000003	974.0
309.89300000000003	996.0
309.978	1015.0
229.67000000000002	1031.0
229.78900000000002	1045.0
229.39800000000002	1062.0
310.77700000000004	1085.0
309.91	1104.0
310.77700000000004	1124.0
229.466	1138.0
309.451	1157.0
229.90800000000002	1172.0
309.468	1191.0
310.31800000000004	1211.0
229.466	1225.0
229.823	1240.0
228.95600000000002	1257.0
229.90800000000002	1274.0
309.451	1297.0
309.58700000000005	1316.0
309.451	1336.0
229.90800000000002	1350.0
230.33300000000003	1364.0
309.91	1385.0
230.23100000000002	1400.0
310.369	1421.0
229.05800000000002	1435.0
230.23100000000002	1451.0
229.05800000000002	1469.0
230.741	1486.0
229.466	1504.0
309.89300000000003	1526.0
229.364	1541.0
229.90800000000002	1557.0
309.451	1579.0
310.04600000000005	1599.0
229.77200000000002	1613.0
309.451	1633.0
231.03000000000003	1648.0
229.347	1663.0
309.485	1686.0
310.488	1705.0
228.93900000000002	1720.0
229.78900000000002	1734.0
230.741	1751.0
229.466	1769.0
228.95600000000002	1787.0
229.925	1805.0
229.466	1822.0
309.451	1845.0
310.04600000000005	1864.0
230.197	1878.0
231.353	1894.0
309.89300000000003	1915.0
232.305	1931.0
309.91	1951.0
229.05800000000002	1965.0
230.639	1982.0
230.21400000000003	1999.0
231.18300000000002	2017.0
231.20000000000002	2034.0
230.67300000000003	2052.0
229.925	2070.0
230.775	2087.0
231.06400000000002	2106.0
230.21400000000003	2123.0
229.05800000000002	2141.0
231.591	2158.0
230.21400000000003	2176.0
229.806	2194.0
229.51700000000002	2211.0
230.33300000000003	2229.0
309.451	2251.0
309.57000000000005	2271.0
229.78900000000002	2285.0
228.82000000000002	2300.0
228.99	2318.0
229.925	2335.0
229.51700000000002	2352.0
309.89300000000003	2375.0
230.775	2389.0
230.316	2406.0
229.90800000000002	2423.0
228.65	2441.0
231.08100000000002	2459.0
229.90800000000002	2476.0
229.925	2494.0
230.67300000000003	2512.0
310.658	2535.0
230.26500000000001	2549.0
229.05800000000002	2564.0
230.67300000000003	2583.0
230.316	2600.0
229.05800000000002	2618.0
229.04100000000003	2635.0
229.806	2654.0
231.18300000000002	2671.0
229.05800000000002	2688.0
230.21400000000003	2707.0
228.95600000000002	2724.0
229.51700000000002	2742.0
231.574	2759.0
230.21400000000003	2777.0
228.95600000000002	2795.0
231.591	2812.0
229.925	2830.0
310.76000000000005	2852.0
229.41500000000002	2868.0
229.925	2883.0
229.90800000000002	2900.0
230.67300000000003	2919.0
230.33300000000003	2936.0
310.31800000000004	2959.0
229.51700000000002	2973.0
229.806	2989.0
231.18300000000002	3007.0
310.31800000000004	3029.0
310.76000000000005	3049.0
231.06400000000002	3063.0
228.56500000000003	3079.0
310.77700000000004	3100.0
229.07500000000002	3114.0
229.823	3131.0
310.31800000000004	3153.0
230.36700000000002	3168.0
229.39800000000002	3184.0
230.775	3201.0
229.51700000000002	3219.0
229.05800000000002	3236.0
229.39800000000002	3255.0
230.79200000000003	3272.0
231.18300000000002	3289.0
229.806	3308.0
309.434	3329.0
229.41500000000002	3345.0
230.38400000000001	3360.0
228.54800000000003	3379.0
230.67300000000003	3396.0
229.90800000000002	3413.0
230.79200000000003	3431.0
229.41500000000002	3449.0
310.30100000000004	3472.0
229.109	3486.0
230.67300000000003	3502.0
229.41500000000002	3520.0
228.65	3537.0
310.76000000000005	3560.0
228.65	3574.0
228.54800000000003	3591.0
229.51700000000002	3608.0
229.51700000000002	3625.0
231.08100000000002	3644.0
228.54800000000003	3661.0
229.05800000000002	3679.0
230.33300000000003	3696.0
228.93900000000002	3714.0
228.616	3732.0
310.726	3754.0
229.05800000000002	3769.0
229.78900000000002	3785.0
231.14900000000003	3802.0
231.18300000000002	3820.0
230.639	3838.0
229.364	3856.0
229.89100000000002	3873.0
230.741	3891.0
229.77200000000002	3909.0
230.622	3926.0
229.483	3944.0
229.466	3961.0
228.90500000000003	3980.0
231.14900000000003	3997.0
229.466	4014.0
229.466	4032.0
229.364	4050.0
229.85700000000003	4068.0
229.449	4085.0
231.03000000000003	4104.0
229.347	4121.0
231.132	4138.0
310.30100000000004	4161.0
229.449	4175.0
309.84200000000004	4196.0
230.622	4211.0
230.69000000000003	4226.0
309.40000000000003	4249.0
310.437	4268.0
228.871	4283.0
230.044	4298.0
311.168	4320.0
229.364	4335.0
230.72400000000002	4350.0
231.013	4369.0
230.163	4386.0
310.30100000000004	4409.0
228.99	4423.0
230.14600000000002	4439.0
309.84200000000004	4461.0
230.622	4476.0
229.85700000000003	4492.0
309.85900000000004	4514.0
229.31300000000002	4530.0
310.726	4550.0
230.282	4564.0
228.92200000000003	4581.0
230.282	4598.0
229.84	4616.0
309.84200000000004	4638.0
310.267	4658.0
230.14600000000002	4672.0
230.46900000000002	4687.0
309.85900000000004	4709.0
229.43200000000002	4723.0
309.40000000000003	4745.0
310.726	4764.0
229.29600000000002	4778.0
310.267	4798.0
310.743	4817.0
230.69000000000003	4832.0
310.28400000000005	4851.0
230.58800000000002	4866.0
310.726	4886.0
230.69000000000003	4900.0
309.41700000000003	4921.0
310.403	4940.0
310.28400000000005	4960.0
309.82500000000005	4979.0
230.18	4994.0
309.82500000000005	5013.0
