#distance(cm)	 time(ms) 
19.125	0.0
19.431	15.0
19.278000000000002	32.0
18.768	47.0
19.125	62.0
18.666	78.0
18.972	94.0
19.125	110.0
18.717000000000002	125.0
18.768	140.0
19.125	157.0
18.819000000000003	172.0
18.819000000000003	187.0
18.768	203.0
18.717000000000002	218.0
19.023	234.0
18.479000000000003	250.0
18.326	265.0
18.122	281.0
17.782	297.0
18.003	312.0
17.714000000000002	328.0
17.799000000000003	343.0
17.357000000000003	358.0
16.337	375.0
16.592000000000002	389.0
15.232000000000001	404.0
15.742	420.0
15.232000000000001	435.0
14.722000000000001	452.0
15.13	467.0
16.133000000000003	482.0
16.898	499.0
17.204	514.0
18.615000000000002	530.0
17.663	547.0
18.666	564.0
18.666	581.0
17.204	597.0
34.731	614.0
14.977	630.0
14.722000000000001	646.0
12.699000000000002	662.0
12.597000000000001	677.0
11.628	692.0
12.036000000000001	708.0
11.577	724.0
11.22	739.0
11.169	755.0
11.475000000000001	770.0
11.118	786.0
10.931000000000001	802.0
10.370000000000001	817.0
10.778	833.0
11.084000000000001	848.0
10.013	864.0
9.911000000000001	880.0
10.166	895.0
10.217	910.0
10.268	927.0
9.571000000000002	942.0
10.574000000000002	957.0
10.421000000000001	973.0
10.472000000000001	989.0
10.778	1005.0
11.135000000000002	1020.0
11.645000000000001	1035.0
11.934000000000001	1052.0
12.444	1067.0
12.937000000000001	1082.0
13.617	1098.0
13.651000000000002	1114.0
15.113000000000001	1129.0
15.283000000000001	1145.0
16.337	1160.0
17.051000000000002	1177.0
16.388	1193.0
17.459	1208.0
18.411	1226.0
18.768	1242.0
19.839000000000002	1258.0
21.352	1275.0
45.781000000000006	1293.0
21.964000000000002	1309.0
23.035	1325.0
23.987000000000002	1342.0
24.191000000000003	1359.0
24.446	1375.0
25.772000000000002	1392.0
26.69	1409.0
26.435000000000002	1425.0
26.231	1442.0
27.081000000000003	1459.0
27.183000000000003	1476.0
27.693	1492.0
28.305000000000003	1508.0
29.121000000000002	1526.0
30.022000000000002	1542.0
31.348000000000003	1559.0
31.790000000000003	1576.0
32.198	1592.0
32.606	1609.0
33.422000000000004	1625.0
33.762	1642.0
35.343	1659.0
35.598000000000006	1675.0
36.958000000000006	1693.0
106.84500000000001	1713.0
145.095	1732.0
81.345	1745.0
79.93400000000001	1761.0
79.798	1778.0
80.546	1795.0
162.86	1817.0
100.861	1829.0
111.027	1846.0
99.144	1863.0
34.068000000000005	1875.0
32.453	1891.0
32.504000000000005	1909.0
31.705000000000002	1925.0
30.430000000000003	1942.0
29.614	1958.0
29.325000000000003	1974.0
28.815	1992.0
28.407000000000004	2008.0
27.999000000000002	2024.0
27.71	2041.0
27.642000000000003	2058.0
26.843000000000004	2075.0
25.976000000000003	2091.0
25.687	2107.0
25.687	2124.0
24.837000000000003	2141.0
24.378	2158.0
24.038	2174.0
24.038	2190.0
23.477	2208.0
23.018	2224.0
22.627000000000002	2241.0
21.301000000000002	2257.0
20.842000000000002	2273.0
20.689	2291.0
19.873	2307.0
19.431	2323.0
19.380000000000003	2340.0
18.360000000000003	2357.0
17.612000000000002	2374.0
17.612000000000002	2390.0
17.153000000000002	2406.0
16.745	2423.0
15.946000000000002	2439.0
15.589	2455.0
15.64	2470.0
15.283000000000001	2485.0
15.028	2501.0
14.620000000000001	2517.0
14.263000000000002	2532.0
14.365	2548.0
13.702000000000002	2563.0
13.719000000000001	2579.0
13.396	2595.0
13.090000000000002	2610.0
12.818000000000001	2626.0
12.648000000000001	2641.0
12.342	2657.0
12.954	2673.0
12.342	2688.0
13.158000000000001	2703.0
12.495000000000001	2720.0
11.985000000000001	2735.0
12.342	2750.0
12.801	2766.0
12.24	2782.0
12.699000000000002	2798.0
12.342	2813.0
12.104000000000001	2828.0
12.597000000000001	2845.0
12.342	2860.0
12.087000000000002	2875.0
12.342	2891.0
12.648000000000001	2906.0
12.393	2922.0
12.699000000000002	2938.0
12.988000000000001	2953.0
13.413	2969.0
13.192	2985.0
13.974	3000.0
14.280000000000001	3016.0
14.773000000000001	3031.0
15.436000000000002	3047.0
16.235	3063.0
16.252000000000002	3078.0
16.711000000000002	3095.0
17.051000000000002	3110.0
17.102	3126.0
17.51	3143.0
17.952	3160.0
18.428	3176.0
19.278000000000002	3193.0
20.196	3209.0
19.788	3227.0
20.655	3243.0
20.638	3259.0
21.403000000000002	3277.0
22.372	3293.0
22.78	3310.0
22.78	3326.0
23.477	3343.0
23.528000000000002	3360.0
23.885	3376.0
23.783	3393.0
24.446	3410.0
24.888	3426.0
25.534000000000002	3443.0
25.721	3460.0
26.027	3476.0
26.843000000000004	3493.0
27.149	3509.0
27.744000000000003	3527.0
28.458000000000002	3543.0
28.424000000000003	3559.0
29.121000000000002	3576.0
29.274	3593.0
29.070000000000004	3610.0
29.818	3626.0
29.580000000000002	3642.0
30.073	3660.0
30.226000000000003	3676.0
30.039	3693.0
30.481	3710.0
29.716	3726.0
29.818	3743.0
30.838	3759.0
30.787000000000003	3777.0
29.971000000000004	3793.0
29.971000000000004	3809.0
30.481	3826.0
30.328000000000003	3843.0
29.818	3859.0
30.974000000000004	3876.0
30.141000000000002	3892.0
30.277	3910.0
29.682000000000002	3926.0
29.461000000000002	3942.0
29.767000000000003	3959.0
29.121000000000002	3975.0
28.747000000000003	3993.0
28.509	4009.0
27.897000000000002	4025.0
27.659000000000002	4042.0
26.843000000000004	4059.0
26.537000000000003	4076.0
26.792	4092.0
26.078000000000003	4108.0
25.364	4125.0
24.956000000000003	4142.0
25.177000000000003	4158.0
24.14	4175.0
24.242	4191.0
23.783	4209.0
23.528000000000002	4225.0
23.579	4241.0
22.78	4258.0
22.253	4275.0
21.556	4292.0
21.607000000000003	4308.0
20.791	4324.0
20.400000000000002	4341.0
20.383000000000003	4358.0
20.349	4375.0
19.839000000000002	4391.0
18.921000000000003	4407.0
18.479000000000003	4425.0
18.02	4441.0
17.561	4457.0
17.102	4474.0
16.745	4490.0
16.643	4507.0
15.776000000000002	4522.0
14.977	4537.0
14.569	4553.0
14.620000000000001	4569.0
13.855	4584.0
13.090000000000002	4600.0
12.750000000000002	4615.0
12.954	4631.0
12.937000000000001	4647.0
12.648000000000001	4662.0
12.291	4678.0
12.087000000000002	4693.0
11.781	4708.0
12.291	4725.0
11.985000000000001	4740.0
11.288	4755.0
11.186	4771.0
10.421000000000001	4787.0
10.217	4803.0
10.013	4818.0
9.979000000000001	4833.0
9.316	4849.0
9.112	4865.0
9.401	4880.0
9.809000000000001	4896.0
8.908000000000001	4911.0
8.347000000000001	4927.0
8.347000000000001	4943.0
8.449	4958.0
8.908000000000001	4974.0
8.857000000000001	4990.0
9.367	5005.0
9.503	5021.0
9.316	5036.0
9.809000000000001	5052.0
10.013	5068.0
10.727	5083.0
11.084000000000001	5098.0
10.829	5115.0
11.594000000000001	5130.0
12.342	5146.0
12.359000000000002	5161.0
12.597000000000001	5177.0
12.954	5193.0
13.311000000000002	5208.0
12.903	5223.0
12.750000000000002	5240.0
13.107000000000001	5255.0
13.855	5271.0
14.671000000000001	5286.0
14.620000000000001	5302.0
14.977	5318.0
15.334000000000001	5333.0
15.742	5348.0
16.082	5365.0
16.439	5380.0
16.796000000000003	5395.0
17.153000000000002	5411.0
17.561	5428.0
18.360000000000003	5445.0
18.309	5461.0
19.125	5477.0
19.074	5495.0
19.822000000000003	5511.0
20.638	5528.0
20.893	5545.0
20.944000000000003	5561.0
21.301000000000002	5578.0
21.658	5594.0
21.454	5612.0
22.729000000000003	5628.0
22.576	5644.0
22.865000000000002	5661.0
23.477	5678.0
23.834000000000003	5694.0
24.089000000000002	5711.0
24.242	5728.0
24.446	5745.0
25.075000000000003	5761.0
24.922	5777.0
24.922	5795.0
25.534000000000002	5811.0
26.231	5828.0
25.976000000000003	5844.0
26.027	5861.0
26.180000000000003	5878.0
26.435000000000002	5894.0
26.996000000000002	5911.0
26.996000000000002	5928.0
27.098000000000003	5944.0
27.302000000000003	5961.0
27.387	5977.0
27.336000000000002	5994.0
27.404000000000003	6011.0
27.557000000000002	6027.0
27.149	6044.0
27.03	6061.0
27.438000000000002	6077.0
27.081000000000003	6094.0
27.438000000000002	6110.0
26.826	6128.0
26.741000000000003	6144.0
26.741000000000003	6160.0
27.047	6177.0
26.384	6194.0
26.639000000000003	6211.0
25.721	6227.0
25.534000000000002	6243.0
26.078000000000003	6261.0
25.007	6277.0
24.956000000000003	6294.0
24.803	6310.0
24.446	6327.0
24.174000000000003	6344.0
24.038	6360.0
23.783	6376.0
23.086000000000002	6393.0
23.12	6410.0
22.066000000000003	6427.0
22.627000000000002	6443.0
21.862000000000002	6459.0
21.403000000000002	6477.0
21.148000000000003	6493.0
20.808	6510.0
19.992	6526.0
19.584000000000003	6542.0
19.176000000000002	6560.0
19.176000000000002	6576.0
18.326	6593.0
17.867	6609.0
17.408	6626.0
17.0	6643.0
16.541	6659.0
16.133000000000003	6674.0
16.218	6691.0
15.742	6706.0
15.334000000000001	6722.0
15.385000000000002	6737.0
15.436000000000002	6752.0
15.079	6769.0
14.263000000000002	6784.0
13.957	6799.0
13.209000000000001	6815.0
13.005	6830.0
13.056000000000001	6846.0
12.342	6862.0
12.036000000000001	6877.0
11.883000000000001	6893.0
11.543000000000001	6909.0
10.829	6924.0
11.033000000000001	6940.0
10.421000000000001	6955.0
10.115	6970.0
10.217	6987.0
9.962000000000002	7002.0
9.265	7017.0
9.622	7033.0
8.908000000000001	7048.0
9.044	7065.0
8.381	7080.0
8.755	7095.0
8.092	7111.0
8.33	7127.0
8.636000000000001	7142.0
7.684	7158.0
7.361000000000001	7173.0
7.939000000000001	7190.0
7.888000000000001	7205.0
7.99	7220.0
7.582000000000001	7236.0
7.361000000000001	7251.0
7.633000000000001	7267.0
8.704	7283.0
8.092	7298.0
8.755	7313.0
8.857000000000001	7330.0
8.755	7345.0
9.214	7361.0
10.421000000000001	7376.0
10.268	7392.0
10.727	7408.0
10.829	7423.0
11.679	7438.0
11.169	7455.0
12.036000000000001	7470.0
13.056000000000001	7485.0
13.396	7502.0
14.314000000000002	7517.0
14.824000000000002	7533.0
15.776000000000002	7548.0
15.436000000000002	7564.0
15.895000000000001	7580.0
16.796000000000003	7595.0
16.847	7610.0
17.306	7627.0
17.816000000000003	7643.0
17.901	7660.0
18.411	7676.0
18.887	7693.0
19.839000000000002	7710.0
20.349	7726.0
20.740000000000002	7743.0
21.301000000000002	7760.0
22.219	7776.0
22.253	7793.0
22.627000000000002	7810.0
23.630000000000003	7826.0
24.089000000000002	7843.0
24.854000000000003	7860.0
24.854000000000003	7877.0
25.279000000000003	7893.0
25.67	7909.0
25.976000000000003	7927.0
26.792	7943.0
27.71	7960.0
27.948	7977.0
29.580000000000002	7993.0
29.869000000000003	8010.0
30.685000000000002	8026.0
31.297	8044.0
31.535000000000004	8060.0
32.657000000000004	8076.0
nan	8286.0
101.11600000000001	8292.0
nan	8488.0
30.583000000000002	8491.0
30.651000000000003	8493.0
30.481	8496.0
30.430000000000003	8499.0
30.617	8501.0
29.665000000000003	8517.0
28.917	8533.0
28.662000000000003	8549.0
27.353	8567.0
26.537000000000003	8583.0
26.588	8600.0
25.874000000000002	8616.0
25.466	8632.0
24.973000000000003	8650.0
24.684	8666.0
24.803	8682.0
23.936	8699.0
23.426000000000002	8716.0
22.559	8733.0
22.270000000000003	8749.0
21.862000000000002	8765.0
21.454	8782.0
21.352	8799.0
20.587	8816.0
20.128	8832.0
19.737000000000002	8848.0
18.768	8866.0
18.462	8882.0
18.071	8899.0
17.663	8915.0
17.255000000000003	8931.0
17.255000000000003	8949.0
16.388	8965.0
15.98	8980.0
16.031000000000002	8996.0
15.232000000000001	9012.0
15.283000000000001	9028.0
14.926000000000002	9043.0
14.518	9058.0
14.671000000000001	9074.0
14.161000000000001	9090.0
14.212000000000002	9105.0
13.872000000000002	9121.0
13.209000000000001	9136.0
12.342	9153.0
12.444	9168.0
12.138000000000002	9183.0
11.424000000000001	9199.0
10.88	9214.0
10.523000000000001	9230.0
10.761000000000001	9246.0
10.574000000000002	9261.0
10.914000000000001	9276.0
10.336	9293.0
10.523000000000001	9308.0
10.421000000000001	9324.0
9.622	9339.0
9.962000000000002	9354.0
10.217	9371.0
10.217	9386.0
10.370000000000001	9402.0
10.421000000000001	9419.0
9.571000000000002	9436.0
10.064	9453.0
10.778	9469.0
10.523000000000001	9485.0
10.625	9503.0
10.829	9519.0
11.169	9535.0
11.832	9552.0
11.577	9569.0
11.883000000000001	9586.0
12.699000000000002	9602.0
12.903	9619.0
12.801	9636.0
12.750000000000002	9652.0
13.617	9669.0
13.464	9686.0
14.212000000000002	9702.0
14.569	9719.0
15.028	9735.0
14.875000000000002	9753.0
15.283000000000001	9769.0
15.64	9785.0
15.691	9802.0
16.388	9819.0
16.337	9836.0
17.153000000000002	9852.0
17.51	9870.0
17.901	9888.0
18.717000000000002	9905.0
19.074	9923.0
19.482000000000003	9941.0
20.281000000000002	9958.0
20.247	9976.0
20.485000000000003	9994.0
20.485000000000003	10012.0
20.859	10029.0
21.199	10046.0
22.304000000000002	10065.0
22.372	10082.0
23.12	10100.0
23.375	10118.0
23.834000000000003	10136.0
24.191000000000003	10153.0
24.089000000000002	10170.0
24.293000000000003	10189.0
24.701	10206.0
25.721	10224.0
25.466	10242.0
26.180000000000003	10259.0
26.996000000000002	10277.0
27.999000000000002	10295.0
27.387	10313.0
28.05	10330.0
28.356	10348.0
29.325000000000003	10366.0
29.070000000000004	10383.0
29.716	10401.0
30.175	10419.0
29.410000000000004	10437.0
30.328000000000003	10454.0
30.039	10471.0
29.937	10490.0
29.461000000000002	10507.0
29.019000000000002	10525.0
29.070000000000004	10542.0
28.866000000000003	10561.0
28.764000000000003	10578.0
28.611	10595.0
28.968000000000004	10613.0
27.795	10631.0
27.591	10649.0
27.506	10666.0
26.843000000000004	10683.0
26.945	10702.0
26.282000000000004	10719.0
26.146	10737.0
25.024	10754.0
25.058000000000003	10772.0
24.497000000000003	10790.0
24.293000000000003	10807.0
23.987000000000002	10825.0
23.579	10843.0
23.273000000000003	10861.0
23.035	10878.0
22.678	10895.0
22.151000000000003	10914.0
21.862000000000002	10931.0
21.913	10949.0
21.505000000000003	10966.0
20.57	10984.0
20.247	11002.0
19.788	11019.0
19.329	11037.0
18.87	11054.0
18.377000000000002	11073.0
17.918000000000003	11090.0
17.408	11107.0
16.898	11125.0
16.439	11142.0
15.98	11159.0
15.538	11175.0
14.620000000000001	11191.0
14.178	11209.0
13.719000000000001	11225.0
13.260000000000002	11241.0
12.393	11258.0
12.036000000000001	11274.0
11.934000000000001	11292.0
11.594000000000001	11308.0
10.778	11324.0
10.523000000000001	11341.0
10.064	11358.0
10.625	11375.0
9.911000000000001	11391.0
9.724	11407.0
9.452	11424.0
9.163	11441.0
9.350000000000001	11458.0
8.857000000000001	11474.0
9.061	11490.0
8.347000000000001	11508.0
8.602	11524.0
8.5	11540.0
8.347000000000001	11557.0
7.582000000000001	11574.0
7.888000000000001	11591.0
8.296000000000001	11607.0
7.752000000000001	11623.0
7.3100000000000005	11641.0
7.3100000000000005	11657.0
7.412000000000001	11674.0
7.803000000000001	11690.0
8.245000000000001	11707.0
7.531000000000001	11724.0
7.412000000000001	11740.0
7.939000000000001	11757.0
7.99	11774.0
8.245000000000001	11790.0
9.418000000000001	11807.0
8.857000000000001	11823.0
9.01	11841.0
9.707	11857.0
9.724	11873.0
9.962000000000002	11891.0
10.268	11907.0
11.033000000000001	11923.0
11.033000000000001	11940.0
11.271	11957.0
11.628	11974.0
12.002	11990.0
12.053	12006.0
13.141000000000002	12024.0
13.974	12040.0
14.773000000000001	12057.0
15.181000000000001	12074.0
16.439	12090.0
16.439	12107.0
15.98	12123.0
15.997000000000002	12141.0
16.388	12157.0
17.204	12173.0
17.612000000000002	12191.0
17.612000000000002	12209.0
18.02	12227.0
18.87	12244.0
20.179000000000002	12262.0
20.655	12280.0
20.196	12297.0
20.893	12316.0
20.553	12333.0
21.352	12350.0
21.318	12368.0
21.607000000000003	12386.0
22.525000000000002	12404.0
22.882	12421.0
23.12	12440.0
23.477	12457.0
24.293000000000003	12474.0
24.548000000000002	12492.0
24.701	12510.0
24.497000000000003	12528.0
24.395000000000003	12545.0
24.956000000000003	12562.0
24.973000000000003	12581.0
25.211000000000002	12598.0
25.364	12616.0
25.364	12634.0
25.466	12652.0
25.67	12669.0
26.129	12686.0
25.619000000000003	12705.0
25.568	12722.0
25.619000000000003	12740.0
25.517000000000003	12757.0
24.905	12775.0
25.228	12793.0
24.854000000000003	12810.0
24.990000000000002	12828.0
24.327	12846.0
24.650000000000002	12863.0
24.395000000000003	12881.0
24.14	12898.0
24.191000000000003	12917.0
23.579	12934.0
22.882	12952.0
22.559	12969.0
22.151000000000003	12987.0
21.964000000000002	13005.0
21.607000000000003	13022.0
21.25	13040.0
21.199	13058.0
21.352	13075.0
21.403000000000002	13093.0
20.587	13110.0
19.737000000000002	13129.0
18.87	13146.0
18.87	13164.0
18.411	13181.0
17.952	13199.0
17.459	13217.0
17.357000000000003	13234.0
16.796000000000003	13252.0
15.895000000000001	13269.0
15.385000000000002	13285.0
14.875000000000002	13302.0
14.416	13318.0
13.617	13335.0
13.039000000000001	13352.0
12.597000000000001	13368.0
11.747000000000002	13385.0
11.849	13401.0
11.322000000000001	13418.0
10.523000000000001	13435.0
10.625	13451.0
10.421000000000001	13468.0
9.248000000000001	13484.0
8.806000000000001	13501.0
9.418000000000001	13518.0
8.857000000000001	13534.0
9.044	13551.0
8.296000000000001	13568.0
8.5	13584.0
8.041	13601.0
8.296000000000001	13617.0
7.582000000000001	13635.0
6.800000000000001	13651.0
7.548000000000001	13667.0
7.888000000000001	13684.0
7.684	13701.0
7.361000000000001	13718.0
7.48	13734.0
7.888000000000001	13750.0
7.888000000000001	13768.0
7.531000000000001	13784.0
7.412000000000001	13800.0
7.888000000000001	13817.0
7.939000000000001	13834.0
8.551	13851.0
8.449	13867.0
9.112	13883.0
8.806000000000001	13901.0
9.061	13917.0
9.367	13934.0
9.656	13950.0
9.758000000000001	13967.0
10.013	13984.0
10.030000000000001	14000.0
11.475000000000001	14018.0
11.322000000000001	14034.0
11.628	14050.0
12.512	14067.0
12.750000000000002	14084.0
13.515	14100.0
14.314000000000002	14117.0
14.824000000000002	14133.0
15.13	14151.0
15.538	14167.0
15.079	14183.0
15.878000000000002	14201.0
15.827000000000002	14217.0
16.643	14234.0
17.0	14250.0
17.408	14268.0
18.666	14286.0
19.074	14303.0
19.380000000000003	14322.0
20.298000000000002	14339.0
20.638	14356.0
39.338	14376.0
39.746	14393.0
40.001000000000005	14411.0
40.664	14428.0
23.171000000000003	14446.0
23.579	14463.0
23.834000000000003	14480.0
24.089000000000002	14499.0
24.225	14516.0
24.14	14534.0
24.344	14551.0
23.987000000000002	14569.0
24.14	14587.0
23.936	14604.0
24.038	14622.0
24.854000000000003	14640.0
25.177000000000003	14658.0
24.939	14675.0
24.888	14692.0
24.701	14711.0
24.956000000000003	14728.0
45.849000000000004	14747.0
24.650000000000002	14764.0
44.523	14782.0
23.885	14799.0
23.222	14816.0
22.967000000000002	14834.0
22.627000000000002	14852.0
22.015	14870.0
22.559	14887.0
23.018	14905.0
21.454	14923.0
19.992	14940.0
20.485000000000003	14958.0
20.145000000000003	14975.0
18.921000000000003	14993.0
18.564	15011.0
18.224	15028.0
17.867	15046.0
17.102	15064.0
16.745	15081.0
16.847	15098.0
16.949	15114.0
16.235	15132.0
15.929	15148.0
14.773000000000001	15164.0
14.926000000000002	15181.0
14.773000000000001	15197.0
13.974	15215.0
13.651000000000002	15231.0
12.954	15247.0
12.801	15264.0
12.393	15281.0
12.087000000000002	15298.0
11.781	15314.0
12.036000000000001	15330.0
10.88	15348.0
10.863000000000001	15364.0
11.016	15380.0
10.472000000000001	15397.0
10.166	15413.0
10.268	15431.0
9.554	15447.0
9.401	15463.0
9.197000000000001	15480.0
8.84	15497.0
8.704	15514.0
8.551	15530.0
8.449	15546.0
8.551	15564.0
7.939000000000001	15580.0
8.347000000000001	15597.0
8.194	15613.0
7.582000000000001	15630.0
7.259	15647.0
7.3100000000000005	15663.0
7.599	15679.0
7.48	15697.0
7.939000000000001	15713.0
7.378	15730.0
7.7010000000000005	15746.0
7.3100000000000005	15763.0
8.143	15780.0
8.347000000000001	15796.0
8.041	15813.0
8.041	15830.0
8.653	15846.0
8.041	15863.0
9.112	15879.0
9.197000000000001	15897.0
9.061	15913.0
9.826	15929.0
9.265	15946.0
9.911000000000001	15963.0
10.608	15980.0
11.033000000000001	15996.0
10.88	16013.0
11.135000000000002	16030.0
11.883000000000001	16046.0
12.291	16062.0
12.495000000000001	16080.0
12.801	16096.0
13.141000000000002	16113.0
13.957	16129.0
14.620000000000001	16146.0
15.776000000000002	16163.0
16.133000000000003	16179.0
16.031000000000002	16197.0
16.337	16213.0
16.592000000000002	16229.0
16.439	16246.0
16.286	16263.0
16.490000000000002	16280.0
16.745	16296.0
17.408	16312.0
17.204	16331.0
17.867	16348.0
18.071	16366.0
18.615000000000002	16384.0
19.329	16401.0
19.125	16419.0
20.128	16436.0
20.247	16455.0
20.502000000000002	16472.0
59.772000000000006	16493.0
21.505000000000003	16508.0
nan	16719.0
21.25	16721.0
107.55900000000001	16728.0
20.043000000000003	16730.0
20.298000000000002	16732.0
20.740000000000002	16735.0
20.757	16753.0
20.604000000000003	16770.0
19.584000000000003	16787.0
19.839000000000002	16806.0
19.635	16823.0
19.023	16841.0
18.377000000000002	16858.0
18.581000000000003	16877.0
17.51	16894.0
17.255000000000003	16911.0
17.459	16929.0
17.204	16947.0
16.949	16965.0
17.153000000000002	16981.0
16.439	16998.0
17.051000000000002	17016.0
16.354000000000003	17033.0
16.031000000000002	17050.0
16.184	17066.0
15.487000000000002	17083.0
14.773000000000001	17100.0
14.059000000000001	17116.0
14.212000000000002	17133.0
13.532000000000002	17150.0
12.784	17166.0
12.495000000000001	17183.0
12.24	17199.0
11.628	17215.0
11.22	17233.0
11.441	17249.0
10.727	17266.0
10.574000000000002	17282.0
10.217	17299.0
9.962000000000002	17316.0
9.707	17332.0
9.622	17349.0
9.248000000000001	17366.0
9.112	17382.0
8.84	17399.0
8.806000000000001	17415.0
8.551	17432.0
8.296000000000001	17449.0
8.908000000000001	17465.0
8.398000000000001	17482.0
8.602	17498.0
7.531000000000001	17516.0
7.837000000000001	17532.0
7.463000000000001	17548.0
7.0040000000000004	17565.0
6.851000000000001	17582.0
6.851000000000001	17598.0
6.970000000000001	17615.0
6.970000000000001	17631.0
6.851000000000001	17649.0
7.3100000000000005	17665.0
6.545000000000001	17681.0
7.0040000000000004	17698.0
7.361000000000001	17715.0
7.7860000000000005	17732.0
8.398000000000001	17748.0
7.633000000000001	17764.0
7.3100000000000005	17782.0
8.245000000000001	17798.0
7.633000000000001	17815.0
8.194	17831.0
8.347000000000001	17848.0
8.483	17865.0
8.449	17881.0
9.061	17897.0
9.605	17915.0
9.418000000000001	17931.0
9.724	17948.0
9.911000000000001	17965.0
10.523000000000001	17981.0
10.370000000000001	17998.0
11.186	18014.0
11.798	18032.0
11.628	18048.0
12.393	18064.0
13.260000000000002	18081.0
13.923000000000002	18098.0
14.671000000000001	18115.0
15.436000000000002	18131.0
16.643	18148.0
16.133000000000003	18165.0
15.623000000000001	18181.0
15.13	18198.0
15.878000000000002	18215.0
16.235	18231.0
17.0	18248.0
18.105	18266.0
18.564	18284.0
18.921000000000003	18301.0
18.87	18318.0
19.635	18337.0
19.533	18354.0
36.499	18373.0
37.400000000000006	18391.0
39.389	18408.0
39.083000000000006	18426.0
39.593	18443.0
40.409000000000006	18462.0
40.970000000000006	18479.0
41.412000000000006	18497.0
41.718	18515.0
41.616	18532.0
42.364000000000004	18550.0
42.228	18567.0
42.602000000000004	18586.0
42.857000000000006	18603.0
43.367000000000004	18620.0
42.857000000000006	18639.0
43.265	18656.0
42.84	18674.0
43.112	18691.0
42.075	18710.0
42.228	18727.0
42.415000000000006	18744.0
42.075	18762.0
41.973000000000006	18780.0
40.647000000000006	18798.0
39.049	18815.0
39.440000000000005	18832.0
38.828	18851.0
39.236000000000004	18868.0
19.635	18885.0
20.247	18902.0
19.125	18919.0
18.819000000000003	18938.0
19.788	18955.0
19.482000000000003	18973.0
18.717000000000002	18990.0
17.969	19009.0
17.204	19026.0
16.439	19043.0
17.408	19060.0
16.643	19078.0
16.745	19095.0
16.405	19111.0
15.181000000000001	19127.0
14.042000000000002	19145.0
13.651000000000002	19161.0
13.311000000000002	19177.0
12.597000000000001	19194.0
12.393	19210.0
11.985000000000001	19228.0
11.237	19244.0
11.373000000000001	19260.0
11.237	19277.0
10.421000000000001	19294.0
10.115	19311.0
10.319	19327.0
9.707	19343.0
9.758000000000001	19361.0
9.554	19377.0
8.84	19394.0
9.248000000000001	19410.0
9.01	19426.0
8.33	19444.0
8.653	19460.0
9.01	19476.0
8.092	19493.0
7.531000000000001	19510.0
7.939000000000001	19527.0
8.449	19543.0
7.99	19559.0
8.738000000000001	19577.0
7.888000000000001	19593.0
7.99	19610.0
8.449	19626.0
7.531000000000001	19643.0
7.99	19660.0
8.993	19676.0
9.112	19693.0
8.704	19710.0
8.347000000000001	19726.0
9.418000000000001	19743.0
9.554	19759.0
9.163	19777.0
9.248000000000001	19793.0
9.962000000000002	19809.0
9.265	19826.0
9.656	19843.0
9.860000000000001	19859.0
9.673	19876.0
10.115	19893.0
10.319	19910.0
10.013	19926.0
10.727	19942.0
10.370000000000001	19960.0
10.965000000000002	19976.0
10.778	19993.0
11.067	20009.0
