9.989979946416218	0
9.992609889990192	10
9.994840575902332	20
9.996671781085904	30
9.998103322421915	40
9.999135056757428	50
9.999766880919864	60
9.999998731727338	70
9.99983058599496	80
9.999262460537164	90
9.99829441216602	100
9.996926537685562	110
9.995158973882095	120
9.99299189751053	130
9.990425525276695	140
9.987460113815676	150
9.984095959666147	160
9.98033339924072	170
9.976172808792304	180
9.971614604376473	190
9.966659241809875	200
9.961307216624633	210
9.955559064018805	220
9.949415358802867	230
9.942876715342214	240
9.935943787495749	250
9.928617268550473	260
9.920897891152181	270
9.912786427232179	280
9.904283687930096	290
9.89539052351278	300
9.886107823289262	310
9.876436515521824	320
9.86637756733319	330
9.855931984609793	340
9.8451008119012	350
9.833885132315658	360
9.822286067411776	370
9.810304777086381	380
9.797942459458522	390
9.785200350749658	400
9.772079725160042	410
9.7585818947413	420
9.744708209265225	430
9.730460056088802	440
9.715838860015477	450
9.700846083152673	460
9.685483224765582	470
9.669751821127239	480
9.6536534453649	490
9.637189707302728	500
9.620362253300804	510
9.603172766090509	520
9.58562296460624	530
9.567714603813519	540
9.549449474533501	550
9.530829403263896	560
9.511856251996313	570
9.492531918030066	580
9.472858333782451	590
9.452837466595495	600
9.432471318539235	610
9.411761926211504	620
9.39071136053428	630
9.369321726546582	640
9.347595163193992	650
9.325533843114734	660
9.303139972422432	670
9.280415790485497	680
9.257363569703184	690
9.23398561527836	700
9.210284264986988	710
9.186261888944347	720
9.16192088936802	730
9.13726370033768	740
9.112292787551684	750
9.087010648080504	760
9.061419810117014	770
9.035522832723688	780
9.009322305576683	790
8.982820848706881	800
8.956021112237885	810
8.928925776121005	820
8.901537549867278	830
8.873859172276505	840
8.845893411163377	850
8.817643063080705	860
8.789110953039751	870
8.760299934227746	880
8.73121288772256	890
8.701852722204604	900
8.672222373665964	910
8.642324805116804	920
8.612163006289059	930
8.581739993337482	940
8.551058808538015	950
8.52012251998357	960
8.48893422127722	970
8.457497031222847	980
8.425814093513258	990
8.393888576415826	1000
8.361723672455652	1010
8.329322598096327	1020
8.296688593418288	1030
8.26382492179481	1040
8.230734869565667	1050
8.197421745708507	1060
8.163888881507953	1070
8.130139630222484	1080
8.096177366749105	1090
8.062005487285857	1100
8.027627408992213	1110
7.993046569647355	1120
7.958266427306398	1130
7.923290459954595	1140
7.888122165159531	1150
7.8527650597213805	1160
7.817222679321226	1170
7.781498578167486	1180
7.745596328640505	1190
7.709519520935319	1200
7.673271762702636	1210
7.636856678688071	1220
7.6002779103696785	1230
7.563539115593809	1240
7.526643968209327	1250
7.489596157700223	1260
7.452399388816673	1270
7.415057381204571	1280
7.37757386903356	1290
7.33995260062362	1300
7.30219733807024	1310
7.264311856868213	1320
7.226299945534092	1330
7.18816540522733	1340
7.149912049370178	1350
7.111543703266346	1360
7.073064203718472	1370
7.034477398644443	1380
6.995787146692612	1390
6.956997316855929	1400
6.9181117880850564	1410
6.8791344489004675	1420
6.840069197003598	1430
6.800919938887082	1440
6.761690589444108	1450
6.722385071576932	1460
6.683007315804583	1470
6.6435612598698235	1480
6.604050848345375	1490
6.5644800322394685	1500
6.524852768600737	1510
6.485173020122519	1520
6.445444754746599	1530
6.405671945266407	1540
6.365858568929749	1550
6.326008607041077	1560
6.286126044563373	1570
6.246214869719653	1580
6.206279073594138	1590
6.166322649733162	1600
6.126349593745814	1610
6.086363902904384	1620
6.046369575744633	1630
6.006370611665949	1640
5.966371010531406	1650
5.926374772267785	1660
5.886385896465585	1670
5.84640838197906	1680
5.806446226526344	1690
5.766503426289679	1700
5.726583975515809	1710
5.686691866116541	1720
5.64683108726957	1730
5.607005625019565	1740
5.567219461879566	1750
5.527476576432731	1760
5.4877809429344815	1770
5.44813653091509	1780
5.408547304782726	1790
5.369017223427007	1800
5.329550239823127	1810
5.290150300636558	1820
5.250821345828387	1830
5.211567308261321	1840
5.172392113306401	1850
5.13329967845048	1860
5.094293912904467	1870
5.055378717212412	1880
5.016557982861453	1890
4.977835591892675	1900
4.939215416512907	1910
4.900701318707504	1920
4.862297149854152	1930
4.8240067503377295	1940
4.785833949166283	1950
4.747782563588119	1960
4.709856398710086	1970
4.672059247117064	1980
4.634394888492716	1990
4.59686708924152	2000
4.559479602112127	2010
4.5222361658220915	2020
4.48514050468401	2030
4.448196328233079	2040
4.411407330856161	2050
4.374777191422333	2060
4.3383095729150165	2070
4.302008122065669	2080
4.265876468989129	2090
4.22991822682059	2100
4.194136991354307	2110
4.158536340684007	2120
4.123119834845092	2130
4.087891015458629	2140
4.052853405377203	2150
4.01801050833262	2160
3.983365808585554	2170
3.948922770577105	2180
3.914684838582374	2190
3.8806554363660264	2200
3.8468379668399293	2210
3.8132358117228513	2220
3.7798523312023047	2230
3.74669086359852	2240
3.7137547250306246	2250
3.681047209085029	2260
3.648571586486069	2270
3.6163311047689444	2280
3.5843289879549576	2290
3.5525684362291243	2300
3.521052625620147	2310
3.4897847076828263	2320
3.4587678091828975	2330
3.4280050317843647	2340
3.3974994517393307	2350
3.3672541195803802	2360
3.337272059815523	2370
3.3075562706257533	2380
3.278109723565224	2390
3.248935363264105	2400
3.220036107134112	2410
3.1914148450767783	2420
3.163074439194456	2430
3.135017723504118	2440
3.1072475036539515	2450
3.079766556642802	2460
3.0525776305424666	2470
3.025683444222902	2480
2.9990866870803243	2490
2.972790018768287	2500
2.9467960689317065	2510
2.9211074369439047	2520
2.895726691646673	2530
2.8706563710933892	2540
2.8458989822952203	2550
2.821457000970411	2560
2.7973328712967294	2570
2.773529005667038	2580
2.7500477844480633	2590
2.726891555742359	2600
2.704062635153499	2610
2.6815633055545165	2620
2.659395816859626	2630
2.63756238579922	2640
2.616065195698214	2650
2.594906396257702	2660
2.574088103339996	2670
2.5536123987570383	2680
2.5334813300622248	2690
2.5136969103456477	2700
2.4942611180327945	2710
2.475175896686697	2720
2.456443154813589	2730
2.438064765672046	2740
2.420042567085666	2750
2.4023783612592893	2760
2.3850739145987787	2770
2.3681309575343796	2780
2.3515511843476786	2790
2.3353362530021804	2800
2.319487784977504	2810
2.3040073651072484	2820
2.288896541420498	2830
2.27415682498703	2840
2.2597896897662038	2850
2.24579657245957	2860
2.232178872367196	2870
2.2189379512477467	2880
2.2060751331822965	2890
2.1935917044419355	2900
2.1814889133591344	2910
2.1697679702029156	2920
2.1584300470578266	2930
2.147476277706734	2940
2.1369077575174447	2950
2.1267255433331713	2960
2.116930653366846	2970
2.1075240670993045	2980
2.098506725181334	2990
2.089879529339612	3000
2.0816433422865326	3010
2.0737989876339387	3020
2.066347249810758	3030
2.059288873984562	3040
2.052624565987054	3050
2.0463549922434776	3060
2.0404807797059843	3070
2.035002515790932	3080
2.0299207483201474	3090
2.0252359854661424	3100
2.020948695701298	3110
2.0170593077510186	3120
2.013568210550858	3130
2.0104757532076265	3140
2.007782244964482	3150
2.0054879551700044	3160
2.0035931132512608	3170
2.002097908690864	3180
2.001002491008024	3190
2.0003069697435967	3200
2.000011414449128	3210
2.000115854679902	3220
2.0006202799919826	3230
2.0015246399432582	3240
2.002828844098488	3250
2.0045327620383433	3260
2.0066362233724497	3270
2.009139017756427	3280
2.012040894912922	3290
2.0153415646566373	3300
2.0190406969233496	3310
2.0231379218029146	3320
2.0276328295762585	3330
2.0325249707563495	3340
2.037813856133147	3350
2.0434989568225204	3360
2.0495797043191386	3370
2.0560554905533186	3380
2.0629256679518346	3390
2.07018954950267	3400
2.0778464088237243	3410
2.085895480235446	3420
2.094335958837401	3430
2.103167000588763	3440
2.1123877223927168	3450
2.121997202184765	3460
2.1319944790249368	3470
2.142378553193878	3480
2.1531483862928265	3490
2.164302901347446	3500
2.1758409829155276	3510
2.187761477198529	3520
2.200063192156956	3530
2.2127448976295643	3540
2.2258053254563737	3550
2.2392431696054866	3560
2.2530570863036843	3570
2.2672456941708097	3580
2.2818075743578996	3590
2.29674127068907	3600
2.3120452898071333	3610
2.327718101322932	3620
2.343758137968372	3630
2.360163795753159	3640
2.376933434125182	3650
2.3940653761345807	3660
2.4115579086014303	3670
2.4294092822870614	3680
2.4476177120689813	3690
2.4661813771193875	3700
2.485098421087241	3710
2.5043669522839123	3720
2.5239850438723357	3730
2.5439507340597025	3740
2.5642620262936315	3750
2.5849168894618266	3760
2.605913258095182	3770
2.627249032574331	3780
2.648922079339609	3790
2.670930231104395	3800
2.693271287071857	3810
2.7159430131550115	3820
2.738943142200146	3830
2.7622693742135223	3840
2.7859193765913766	3850
2.809890784353181	3860
2.834181200378136	3870
2.8587881956448777	3880
2.8837093094743897	3890
2.9089420497760514	3900
2.9344838932968624	3910
2.960332285873756	3920
2.9864846426890135	3930
3.012938348528748	3940
3.039690758044422	3950
3.066739196017374	3960
3.09408095762635	3970
3.12171330871797	3980
3.1496334860801536	3990
3.1778386977184323	4000
3.206326123135146	4010
3.2350929136114916	4020
3.2641361924923977	4030
3.2934530554741728	4040
3.323040570894952	4050
3.3528957800278496	4060
3.383015697376835	4070
3.413397310975266	4080
3.444037582687105	4090
3.4749334485107135	4100
3.5060818188852587	4110
3.5374795789996547	4120
3.569123589104057	4130
3.601010684823825	4140
3.6331376774759625	4150
3.665501354387971	4160
3.698098479219132	4170
3.7309257922841255	4180
3.763980010879005	4190
3.7972578296094497	4200
3.8307559207213213	4210
3.864470934433423	4220
3.8983994992724833	4230
3.932538222410285	4240
3.966883690002967	4250
4.00143246753239	4260
4.036181100149593	4270
4.071126113020274	4280
4.10626401167226	4290
4.1415912823449705	4300
4.1771043923407785	4310
4.212799790378281	4320
4.248673906947412	4330
4.284723154666416	4340
4.3209439286405615	4350
4.357332606822636	4360
4.393885550375142	4370
4.430599104034185	4380
4.467469596474995	4390
4.504493340679056	4400
4.5416666343027945	4410
4.578985760047829	4420
4.616446986032685	4430
4.654046566165983	4440
4.691780740521038	4450
4.729645735711861	4460
4.7676377652704875	4470
4.805753030025626	4480
4.8439877184825555	4490
4.882338007204297	4500
4.920800061193935	4510
4.959370034278124	4520
4.9980440694917005	4530
5.036818299463363	4540
5.075688846802431	4550
5.114651824486562	4560
5.15370333625046	4570
5.192839476975484	4580
5.23205633308018	4590
5.271349982911616	4600
5.310716497137559	4610
5.3501519391393835	4620
5.389652365405755	4630
5.429213825926966	4640
5.468832364589933	4650
5.5085040195738	4660
5.54822482374613	4670
5.587990805059609	4680
5.627797986949244	4690
5.667642388730014	4700
5.707520025994947	4710
5.747426911013549	4720
5.787359053130576	4730
5.827312459165086	4740
5.867283133809773	4750
5.907267080030482	4760
5.947260299465912	4770
5.987258792827448	4780
6.027258560299081	4790
6.067255601937399	4800
6.10724591807157	4810
6.147225509703308	4820
6.1871903789067595	4830
6.2271365292283125	4840
6.267059966086222	4850
6.306956697170076	4860
6.346822732840005	4870
6.3866540865256685	4880
6.426446775124891	4890
6.466196819401975	4900
6.505900244385611	4910
6.545553079766391	4920
6.585151360293819	4930
6.624691126172848	4940
6.664168423459829	4950
6.703579304457936	4960
6.742919828111911	4970
6.782186060402177	4980
6.821374074738219	4990
